ann_errors MSE
[[0.066667, 1], 
[0.1, 1], 
[0.133333, 3],
 [0.133333, 1],
 [0.166667, 1], 
[0.266667, 2],
 [0.233333, 1], 
[0.133333, 1], 
[0.133333, 1], 
[0.1, 1]]



baseline errors
[[0.4838709677419355, 1, 149],
 [0.41935483870967744, 1, 152],
 [0.3225806451612903, 1, 144],
 [0.26666666666666666, 1, 143],
 [0.4666666666666667, 1, 151],
 [0.36666666666666664, 1, 154],
 [0.4666666666666667, 1, 149], 
[0.5, 1, 150],
 [0.36666666666666664, 1, 146], 
[0.4, 1, 147]]


fitted errors
[[0.03225806451612903, 1.0],
 [0.12903225806451613, 0.01],
 [0.06451612903225806, 0.01],
 [0.2, 10.0],
 [0.16666666666666666, 0.01],
 [0.26666666666666666, 1.0],
 [0.23333333333333334, 0.1],
 [0.16666666666666666, 0.1], 
[0.13333333333333333, 1.0], 
[0.1, 0.01]]
